 MW_Sat MV MV_err_up MV_err_low "sigma_star (kms^-1)" "sigma_star_err_up (kms^-1)" "sigma_star_err_low (kms^-1)" "r12 (pc)" "r12_err_up (pc)" "r12_err_low (pc)" "dist (kpc)" "dist_err_up (kpc)" "dist_err_low (kpc)" "r_peri (kpc)" "r_peri_err_up (kpc)" "r_peri_err_low (kpc)" "r_apoc (kpc)" "r_apoc_err_up (kpc)" "r_apoc_err_low (kpc)" "t_infall (Gyrs)" "t_infall_err_up (Gyrs)" "t_infall_err_low (Gyrs)"
0 "Aquarius II" -4.36 0.14 0.14 5.4 3.4 0.9 160.0 26.0 26.0 107.9 3.3 3.3 101.0 4.0 71.0 116.0 190.0 8.0 8.7 2.2 3.2
1 "Bootes I" -6.02 0.25 0.25 4.6 0.8 0.6 191.0 8.0 8.0 66.0 2.0 2.0 49.0 5.0 6.0 97.0 15.0 10.0 8.7 2.5 2.2
2 "Bootes II" -2.94 0.74 0.75 10.5 7.4 7.4 39.0 5.0 5.0 42.0 1.0 1.0 39.0 1.0 1.0 181.0 104.0 56.0 0.7 5.9 0.7
3 "Canes Venatici I" -8.73 0.06 0.06 7.6 0.4 0.4 437.0 18.0 18.0 211.0 6.0 6.0 62.0 59.0 39.0 242.0 26.0 8.0 7.7 2.8 2.1
4 "Canes Venatici II" -5.17 0.32 0.32 4.6 1.0 1.0 71.0 11.0 11.0 160.0 4.0 4.0 31.0 48.0 23.0 193.0 27.0 7.0 8.8 1.8 2.4
5 Carina -9.45 0.05 0.05 6.6 1.2 1.2 311.0 15.0 15.0 106.0 5.0 5.0 108.0 5.0 17.0 117.0 36.0 13.0 8.5 1.8 3.4
6 "Carina II" -4.5 0.1 0.1 3.4 1.2 0.8 92.0 8.0 8.0 36.2 0.6 0.6 27.0 1.0 1.0 252.0 34.0 26.0 0.7 0.8 0.7
7 "Carina III" -2.4 0.2 0.2 5.6 4.3 2.1 30.0 8.0 8.0 27.8 0.6 0.6 29.0 1.0 0.0 227.0 64.0 42.0 0.6 0.7 0.6
8 "Coma Berenices" -4.28 0.25 0.25 4.6 0.8 0.8 69.0 5.0 4.0 42.0 1.6 1.5 42.0 1.0 1.0 83.0 18.0 13.0 8.2 2.9 3.6
9 "Crater II" -8.2 0.1 0.1 2.7 0.3 0.3 1066.0 86.0 86.0 117.5 1.1 1.1 33.0 8.0 8.0 133.0 2.0 2.0 8.9 2.0 2.2
10 Draco -8.88 0.05 0.05 9.1 1.2 1.2 231.0 17.0 17.0 82.0 6.0 6.0 45.0 6.0 5.0 108.0 10.0 7.0 9.4 2.0 2.4
11 "Draco II" -0.8 0.4 1.0 5.9   19.0 4.0 3.0 21.5 0.4 0.4 20.0 1.0 1.0 98.0 12.0 10.0 7.4 2.2 3.8
12 "Eridanus II" -7.1 0.3 0.3 6.9 1.2 0.9 246.0 17.0 17.0 366.0 17.0 17.0 345.0 23.0 237.0 485.0 822.0 50.0 5.0  
13 Fornax -13.34 0.14 0.14 11.7 0.9 0.9 792.0 18.0 18.0 139.0 3.0 3.0 69.0 16.0 13.0 147.0 4.0 3.0 8.2 2.2 2.7
14 "Grus I" -3.47 0.59 0.59 2.9 2.1 1.0 28.0 23.0 23.0 120.0 12.0 11.0 22.0 15.0 13.0 224.0 28.0 20.0 0.4 7.1 0.4
15 Hercules -5.83 0.17 0.17 5.1 0.9 0.9 216.0 20.0 20.0 132.0 6.0 6.0 52.0 17.0 15.0 212.0 37.0 20.0 1.0 5.9 1.0
16 "Horologium I" -3.76 0.56 0.56 4.9 2.8 0.9 40.0 10.0 9.0 87.0 13.0 11.0 87.0 13.0 17.0 156.0 258.0 72.0 8.4 2.7 2.8
17 "Hydra II" -4.86 0.37 0.37 3.6   67.0 13.0 13.0 151.0 8.0 7.0 128.0 14.0 71.0 254.0 429.0 58.0 8.4 2.7 3.6
18 "Hydrus I" -4.71 0.08 0.08 2.7 0.5 0.4 53.0 4.0 4.0 27.6 0.5 0.5 25.0 0.0 0.0 167.0 29.0 23.0 0.7 5.9 0.7
19 "Large Magellanic Cloud" -18.12   30.0   4735.0   50.0 3.0 3.0       0.7 5.6 0.7
20 "Leo I" -11.78 0.28 0.28 9.2 0.4 0.4 270.0 17.0 16.0 254.0 16.0 15.0 56.0 30.0 27.0 888.0 578.0 185.0 1.7 0.7 0.7
21 "Leo II" -9.74 0.04 0.04 7.4 0.4 0.4 171.0 10.0 10.0 233.0 14.0 14.0 79.0 72.0 47.0 242.0 14.0 11.0 2.4 5.4 1.4
22 "Leo IV" -4.99 0.26 0.26 3.3 1.7 1.7 114.0 13.0 13.0 154.0 5.0 5.0 84.0 72.0 69.0 157.0 116.0 5.0 8.9 1.5 2.9
23 "Leo V" -4.29 0.36 0.36 2.3 3.2 1.6 49.0 16.0 16.0 169.0 4.0 4.0 164.0 6.0 101.0 197.0 460.0 18.0 7.5 3.4 2.7
24 "Leo T" -8.0   7.5 1.6 1.6 118.0 11.0 11.0 409.0 29.0 27.0       1.0  
25 "Pegasus III" -4.1 0.5 0.5 5.4 3.0 2.5 78.0 31.0 25.0 205.0 20.0 20.0       0.1  
26 "Pisces II" -4.23 0.38 0.38 5.4 3.6 2.4 60.0 10.0 10.0 183.0 15.0 15.0       0.1 8.1 0.1
27 "Reticulum II" -3.99 0.38 0.38 3.3 0.7 0.7 51.0 3.0 3.0 31.6 1.5 1.4 28.0 2.0 3.0 63.0 15.0 10.0 8.1 2.4 4.2
28 Sagittarius -13.5 0.15 0.15 9.6 0.4 0.4 2662.0 193.0 193.0 26.7 1.3 1.3       8.5 1.4 4.3
29 Sculptor -10.82 0.14 0.14 9.2 1.1 1.1 279.0 16.0 16.0 86.0 5.0 5.0 54.0 3.0 3.0 107.0 4.0 4.0 8.7 2.1 2.2
30 "Segue 1" -1.3 0.73 0.73 3.7 1.4 1.1 24.0 4.0 4.0 23.0 2.0 2.0 21.0 4.0 5.0 58.0 26.0 15.0 8.2 2.1 3.8
31 "Segue 2" -1.98 0.88 0.88 2.2   40.0 4.0 4.0 37.0 3.0 3.0 19.0 6.0 4.0 47.0 4.0 3.0 7.7 2.5 3.4
32 Sextans -8.94 0.06 0.06 7.9 1.3 1.3 456.0 15.0 15.0 95.0 3.0 3.0 84.0 4.0 4.0 188.0 28.0 21.0 1.0 7.0 1.0
33 "Small Magellanic Cloud" -17.18   30.0   2728.0   61.0 4.0 4.0       0.7 7.7 0.7
34 "Triangulum II" -1.6 0.76 0.76 3.4   16.0 4.0 4.0 28.4 1.6 1.6 12.0 1.0 1.0 110.0 7.0 6.0 8.2 1.8 3.9
35 "Tucana II" -3.9 0.2 0.2 8.6 4.4 2.7 121.0 35.0 35.0 58.0 8.0 8.0 39.0 13.0 11.0 191.0 243.0 73.0 0.7 6.6 0.7
36 "Tucana III" -1.49 0.2 0.2 1.2   37.0 9.0 9.0 25.0 2.0 2.0 3.0 1.0 0.0 47.0 6.0 4.0 3.6 4.3 1.4
37 "Ursa Major I" -5.13 0.38 0.38 7.0 1.0 1.0 295.0 28.0 28.0 97.3 6.0 5.7 53.0 33.0 20.0 102.0 5.0 5.0 9.4 1.8 2.4
38 "Ursa Major II" -4.43 0.26 0.26 5.6 1.4 1.4 139.0 9.0 9.0 34.7 2.0 1.9 39.0 2.0 2.0 110.0 52.0 29.0 8.2 2.9 3.9
39 "Ursa Minor" -9.03 0.05 0.05 9.5 1.2 1.2 405.0 21.0 21.0 76.0 4.0 4.0 42.0 3.0 3.0 92.0 4.0 3.0 9.5 1.7 2.5
40 "Willman 1" -2.9 0.74 0.74 4.0 0.8 0.8 33.0 8.0 8.0 45.0 10.0 10.0 35.0 31.0 14.0 54.0 30.0 9.0 8.9 1.3 4.5
